82.0803 -20.4623 22.9911 -31.5646 -86.8309 16.3104
34.0266 23.9223 -5.2144 41.1233 -55.0254 40.5858
13.6369 17.7311 22.8973 39.0095 -67.1219 89.4696
-64.9167 28.4570 -19.1720 31.7916 -90.3991 116.3796
3.2102 -12.4268 -15.2297 9.5278 -125.9682 81.4379
-62.2035 -17.5157 25.8926 9.0331 -93.5240 17.9298
-65.3780 -17.5755 -8.2023 13.4171 -98.8996 93.1238
-28.8872 -24.6002 -3.0086 -5.5922 -113.8980 44.7923
24.0885 -26.9749 -18.6837 24.0517 -111.3023 96.9601
61.7338 20.6978 -3.0211 21.4804 -68.4006 54.0883
-41.2156 25.5222 -30.1941 28.5061 -75.5801 50.8220
59.9813 -11.1288 1.3854 4.4286 -115.0996 39.9860
-40.0456 -2.9709 12.2392 16.5448 -79.5510 55.7247
1.5533 -12.2777 -22.9180 -18.0600 -117.7673 7.7659
24.0675 -15.4699 -21.9828 -0.9857 -134.7684 11.5442
37.7210 20.4134 -31.8982 11.3330 -113.9916 51.2707
52.2924 2.2121 -34.0874 -43.2112 -127.3544 107.4362
-48.3203 -3.8954 -24.9149 27.8717 -124.7021 42.8311
-43.7663 23.5112 -4.4416 -40.5229 -55.7429 30.4204
-57.2351 -18.6417 3.0511 41.6585 -116.3785 54.7674
20.3317 33.3072 31.7399 -9.0458 -31.3094 51.4774
-70.0464 23.1110 27.1920 -11.1976 -28.4326 89.0016
-10.8183 24.9030 33.5161 41.3407 -34.8342 21.9792
51.6084 31.1541 1.1414 -19.7830 -37.2256 103.9439
-1.9560 25.9175 -7.7351 -42.6419 -92.1104 56.8504
-40.9409 -33.9816 -21.4063 25.0796 -161.1873 24.7452
73.2399 -26.9419 -8.9455 -34.4321 -116.7844 2.4080
62.0196 -25.4893 24.8962 6.9522 -96.2930 57.8090
-18.6452 -14.1351 32.4806 -7.9227 -71.7813 101.6043
-76.1153 -27.8656 33.1874 16.1594 -91.4554 117.5096
0.0321 -3.1872 -19.6847 4.6251 -122.1328 80.3031
-44.3980 11.9465 -5.1009 -12.1145 -102.7428 17.0363
-24.0317 31.1236 5.6735 -33.7249 -51.3926 43.0160
-70.6562 -10.4216 -20.2214 27.6519 -110.1799 35.6044
51.0049 -4.8803 33.6550 25.5064 -67.3823 58.2690
-3.8059 4.9399 -25.6030 -25.3433 -119.1840 62.1432
-59.3558 28.2910 -23.3393 29.6356 -100.6981 65.7646
-61.8794 2.3158 -27.6601 11.7305 -132.8821 83.3099
-64.7130 31.7990 0.8129 -21.2851 -80.9102 39.6829
80.0712 -7.2021 27.2799 -38.4784 -81.6775 111.7070
-23.7584 -28.3515 17.1505 22.4798 -114.0071 73.0918
82.2619 -10.8578 -25.1935 34.5278 -126.6709 70.8502
42.4306 -28.9284 -19.1742 19.6781 -121.1965 43.5112
1.5730 31.7356 10.0254 43.7027 -35.8123 77.7910
-17.3551 -4.3021 -3.5739 -6.0379 -90.6461 7.8253
-61.7378 7.9722 2.1819 -20.0339 -102.6517 15.8749
83.8205 -4.0129 -23.4598 -37.3227 -102.8671 17.1691
-8.7503 -3.4315 2.9316 44.3621 -90.4990 9.2657
38.0482 17.3103 24.0286 -44.4156 -27.2740 83.9324
31.6988 13.0316 4.6155 -0.3845 -93.3183 60.7068
